26.608506510626285 0
759.5471382727519 1
87.95022755255923 0
71.24603531755565 0
85.69848100381205 0
2068.593542543106 1
56.12082989176997 0
686.1820809544374 1
45.840559440563084 0
33.50914702073442 0
125.28416260457016 0
3641.0569493999274 1
52.29468829398684 0
31.088562039120006 0
42.73974133035517 0
20.931260877145633 0
75.2638087442756 0
46.32447300969943 0
4884.210140320321 1
27.499999999989335 0
53.11912613334425 0
83.06661275748047 0
23.13563952827826 0
44.761205628002244 0
22.16089970866983 0
803.459839972749 1
18.67882763514194 0
30.826992520173008 0
12.77166141543421 0
76.44904811611195 0
94.86408155647223 0
15.57683333595196 0
62.54905661341763 0
79.01071975345985 0
49.724704511136224 0
84.32681197070633 0
46.44394344564353 0
17.82229882743559 0
1700.4773293311018 1
68.84341603897337 0
36.162306115784304 0
103.06194505970052 0
29.346837709861575 0
39.74617297127406 0
26.901754198406707 0
24.503861912584398 0
17.497182673439966 0
48.5099901041749 0
41.54479472745879 0
201.2015461199917 0
64.78480427575414 0
55.277103811342386 0
16.876398000087647 0
49.603238866402535 0
18.326408781838836 0
42.770728743264044 0
67.99322957695894 0
10358.266436585298 1
79.16187730625097 0
39.26651857269462 0
1315.8244917388415 1
63.63591193068714 0
78.79345454544091 0
6998.771524852052 1
82.23243782091595 0
79.35109998556436 0
21.45165227914549 0
22.182685404382937 0
29.198856482704286 0
57.64670228746854 0
58.397435897466494 0
63.66327924490179 0
66.87813395250441 0
126.77487443467544 0
1602.5269009425397 1
50.45392135174188 0
16.58603432102973 0
5.230285229653418 0
30.728723113962587 0
14.077477184924646 0
49.88015537582396 0
717.3597364046727 0
15.507535111748439 0
26.253148629250063 0
122.0936144054358 0
54.27258778828144 0
9.039652872894294 0
28.353672101158736 0
10.396786920809973 0
44.031291603461796 0
61.928372611742816 0
92.52391708188225 0
18.891864745619387 0
182.8969426640615 0
57.44192284440214 0
53.43166814808501 0
76.00116312398495 0
83.09945815629864 0
4598.986330945405 1
62.13396031702723 0
